- ,4- 5443)·

(44 71.77 invv.i1177

Ι,(51) 105, (35) 93) (41)
(58 ) 14¹4, (30) 121Ι, (33)
(55) 9 Ι (34) 93Ι, (33)·
(54 (444 445, (45
(54 4,)(45 44 (45
(65) 123( Ι(35) 14⁶4 (444
44 δὲ( (44 (2Ι, (4)

1177.
444, 4-4 44 (447 1144(

4444. 010 40 (4) 5,) {¹
(4

4
1

7

He. 11-74 54 (04104 4
44. 4 44 (144 45,
11 40 (104 0 (4

171 40 (44) 444 (70
014071147171770 25 (2)5 - ,(9
44, 4444. 4 44 (44) 84( ((4)

44 41¹4 (44 4¹4 (414
111 4114 (44 ἓξ), (044 4

5344,
)44
554
54
440¹
54
)6·,(1
(6418) 46441) 4,((
(44) 114³ (444 49(

9)
(9 4541 9,(99) 1124, (99(
1193 ( (9 4)

Ι,
Ι
Ι,
3,(
7
63,,Ι
63Ι,
3Ι4

Β((44.3ῃὲ ((4 ,7⁵9ss 44 3((59) 4(, ((44))44) ,(4514), (444
11 444), (144 45,(444) 4 Ι (444544 5,,(44) 445, (44)
444 4444), (747 (104447471444 44444( (684) 4,,(445
77 144 (4) 0¹4(1444 4¹7 ,471744 ¹7(4444

7 445, (4) 4,) (1144 4 4 (14444 (704 44), (744
71 144 (74 7¹4 (404 45, (1444 10 (44)) Ι,(44)
711 44 (44 4 Ι (1404 44714444 744474 39( (44)
7111 1404774 7⁴4 (444) 45, (1774 444( (445) (445
1x 114 (74 44), (11144 4),(444) 444), Ι(44) 4), (044
x 71 (104 45, (1704 45,(444) 44( (44) 45, (744
, 177 74¹7 7(114 7 4 (1744 45, (444) 10¹4 (744 4¹4 (444

344915)

1711 4445, (4) (4,) (474 4:244100411447441 (474
44444 1077 4744 74(14444 4(Ι,444) 445, (444 5,) (444
717 444 (4) 0¹4 (1444 4¹4 (444) 104²¹ (444 10¹4¹¹ (704
444 770 (44 74 (1144 45, (44454 477004 74(1144
4444).) 445, (4) 444, (444 4 (744 45, (044 444( (414
44 01¹4774 4,) (4440 (7440 4,(44) 445, (404

- 111 04¹4 (74 74 (44) (4,) (44) 444, (404 144 (404
17 114 (44 45, (404 45,, (444 71:444) 12¹47404

v 4444, (5 44444444 5,(44444 ((45 1477 (45
71 404 (74 4¹4 (404 44( (714 445, (44) 45, (444
444444 445, (4) 70 (474 44(0 (44) 144 (474 44 (104
11 444), (44 74 (444 45, (44) 444, (414 445, (144

444 74 (45 44 (444 45, (45 445, (404 40 (144
17 4,)(4) 44 (744 45, (44) 147 ((44) 444), (144

7 74 (74 (444 074(10141¹4 (444 44 (144

4 (404 7 4 (444 444), (414 744, (04

:Ponot 4 445, (74 7¹ (44) 45, (44) 74 (444 447, (144
11 45,) (04 4 (444 45, (414 14¹4 (444 445, (744
111 144 (44 45, (44) 4 (014 144774444447144

17 40 (714 45, (4454 (744 ((54) 17 (44)
4444444444, 445, (44 45, (44) 45, (144 445, (4) 444), (44)

34)
444, 4445, (44 8ΞΞ

 

